#
# Sound input for homestation
#

0 0
offset 9000
0 0
# -- 2014-12-14 15:08:16 -- MIN 957 -- MAX 1991 -- AVG 1229.35 -- TIME 11973 --
1 990
40 1318
80 1281
120 1336
160 1213
200 1267
240 1330
280 1531
320 1215
360 1374
400 1233
440 1272
480 1103
520 1233
560 1101
600 1152
640 1312
680 1138
720 1107
760 1119
800 1312
840 1241
880 1282
920 1424
960 1288
1000 1513
1040 1179
1080 1112
1120 1388
1160 990
1200 1304
1240 1002
1280 1075
1320 1090
1360 1098
1400 1377
1440 1016
1480 1150
1520 1036
1560 1119
1600 1275
1640 1288
1680 1308
1720 1111
1760 1248
1800 1138
1840 1310
1880 1095
1920 1372
1960 1081
2000 1121
2040 1264
2080 966
2120 1214
2160 964
2200 1379
2240 1325
2280 1094
2320 1158
2361 1126
2401 1332
2441 1129
2481 1253
2521 1148
2561 1133
2601 1237
2641 1183
2681 1440
2721 1190
2761 1065
2801 1299
2845 1016
2885 1506
2925 1081
2965 1330
3005 1033
3045 1187
3085 1113
3125 1284
3165 1088
3205 1150
3245 1301
3285 1060
3325 1340
3365 1256
3405 1193
3445 1129
3485 1066
3525 1346
3565 1135
3605 1205
3645 1318
3685 1260
3725 1228
3765 1023
3805 1212
3845 1148
3885 1095
3925 1319
3965 1213
4005 1270
4045 1237
4085 1180
4125 1086
4165 1228
4205 1242
4245 1093
4285 1288
4325 1279
4365 1096
4405 1225
4446 1045
4486 1206
4526 1335
4566 1086
4606 1369
4646 1991
4686 1564
4726 1351
4766 1178
4806 1308
4846 1332
4886 1201
4926 1208
4966 1428
5006 1294
5046 1016
5086 1675
5126 1105
5166 1325
5206 1238
5246 1207
5286 1413
5326 1069
5366 1271
5406 1164
5446 1052
5486 1068
5526 1538
5566 1283
5606 1007
5646 1469
5691 972
5731 1500
5772 957
5812 1431
5852 1229
5892 1029
5932 1234
5972 1181
6012 1183
6052 1108
6092 1297
6132 1199
6172 1310
6212 1314
6252 1237
6292 1416
6332 1205
6372 1231
6412 1282
6452 991
6492 1193
6532 1254
6572 1447
6612 1331
6652 1180
6692 1293
6732 1064
6772 1268
6812 1357
6852 1234
6892 1063
6932 1408
6972 1302
7012 1330
7052 1414
7092 1102
7132 1307
7172 1211
7212 1181
7252 1170
7292 1060
7332 1193
7372 1100
7412 1193
7452 1303
7492 1100
7532 1343
7572 1199
7612 1254
7652 1302
7692 1215
7732 1032
7772 1375
7812 1243
7852 1435
7892 1110
7932 1305
7972 1076
8012 1345
8052 1351
8092 1247
8132 1372
8172 1137
8212 1305
8252 1384
8292 1337
8332 962
8372 1152
8412 1271
8452 1228
8492 1134
8532 1183
8572 1414
8612 1231
8652 1302
8692 1343
8732 1292
8772 1229
8812 1332
8852 1238
8892 1162
8932 1350
8972 1363
9012 1264
9052 1337
9092 1236
9132 959
9172 1314
9212 1432
9252 1396
9292 1337
9332 1157
9372 1294
9412 1406
9452 1169
9492 1309
9532 1287
9572 1140
9612 1321
9652 1171
9692 1176
9732 1206
9772 1141
9812 1195
9852 1145
9892 1219
9932 1291
9972 1245
10012 1210
10052 1109
10092 1178
10132 1265
10172 1261
10212 1215
10252 1344
10292 1153
10332 1328
10372 1182
10412 1219
10452 1127
10492 1124
10532 1122
10572 1135
10612 1258
10652 1369
10692 1248
10732 1293
10772 1331
10812 1314
10852 1288
10892 1260
10932 1414
10972 1317
11012 1228
11052 1278
11092 1403
11132 1291
11172 1130
11212 977
11252 1253
11292 1258
11332 1172
11372 1161
11412 1180
11452 1309
11492 991
11532 1078
11572 1177
11612 1069
11652 1387
11692 1307
11732 1337
11772 1326
11812 1422
11852 1092
11892 1274
11932 1098
11973 957
offset 7000
0 0
# -- 2014-12-14 09:24:59 -- MIN 964 -- MAX 1832 -- AVG 1417.36 -- TIME 9817 --
1 964
40 1361
80 1544
120 1815
160 1799
200 1462
240 1398
280 1607
320 1321
360 1621
400 1385
440 1832
480 1414
520 1576
560 1635
600 1230
640 1778
680 1712
720 1339
760 1564
800 1523
840 1492
880 1565
920 1600
960 1702
1000 1322
1040 1459
1080 1198
1120 1566
1160 1454
1200 1344
1240 1388
1280 1502
1320 1314
1360 1795
1400 1821
1440 1453
1480 1494
1520 1557
1560 1395
1600 1209
1640 1364
1680 1234
1720 1292
1760 1264
1800 1573
1840 1474
1880 1287
1920 1396
1960 1471
2000 1357
2040 1229
2080 1382
2120 1427
2160 1299
2200 1520
2240 1391
2280 1247
2320 1680
2360 1513
2400 1529
2440 1392
2480 1350
2520 1460
2560 1494
2600 1649
2640 1370
2680 1264
2720 1519
2760 1589
2800 1513
2840 1099
2880 1414
2920 1561
2960 1231
3000 1106
3040 1648
3080 1520
3120 1479
3200 1639
3240 1332
3280 1497
3320 1502
3360 1356
3400 1369
3440 1556
3480 1455
3520 1508
3560 1224
3600 1391
3640 1420
3680 1499
3720 1457
3760 1046
3800 1203
3840 1333
3880 1422
3920 1255
3960 1283
4000 1576
4040 1192
4080 1311
4120 1634
4160 1347
4200 1246
4240 1526
4280 1431
4320 1430
4360 1539
4400 1325
4440 1207
4480 1389
4520 1522
4560 1174
4601 1504
4640 1427
4680 1274
4720 1204
4760 1358
4800 1185
4840 1171
4880 1312
4920 1345
4960 1498
5000 1263
5040 1338
5080 1442
5120 1471
5160 1649
5200 1279
5240 1134
5283 1255
5323 1750
5363 1392
5403 1240
5443 1602
5483 1208
5524 1469
5563 1455
5603 1347
5643 1193
5683 1250
5723 1343
5763 1376
5803 1216
5843 1459
5886 1507
5923 1239
5963 1430
6003 1333
6044 1438
6083 1380
6123 1559
6163 1648
6203 1461
6243 1295
6283 1513
6323 1566
6363 1386
6403 1624
6443 1277
6483 1747
6523 1308
6564 1534
6603 1381
6643 1346
6683 1574
6723 1527
6763 1547
6803 1545
6843 1318
6886 1413
6923 1451
6963 1318
7003 1143
7043 1463
7084 1538
7123 1480
7163 1449
7203 1345
7243 1310
7283 1519
7323 1436
7363 1435
7403 1656
7443 1548
7483 1453
7523 1430
7563 1415
7604 1273
7643 1419
7683 1320
7723 1332
7763 1530
7803 1110
7843 1276
7886 1476
7923 1528
7963 1577
8003 1556
8043 1330
8083 1385
8124 1580
8163 1423
8203 1407
8243 1371
8283 1313
8323 1668
8363 1450
8403 1573
8443 1446
8483 1618
8523 1362
8563 1353
8603 1452
8644 1353
8683 1327
8723 1534
8763 1382
8803 1527
8843 1417
8886 1366
8923 1476
8963 1295
9003 1482
9043 1530
9083 1568
9123 1514
9164 1246
9203 1407
9243 1331
9283 1173
9323 981
9396 966
9638 1084
9817 1022
9900 800
10000 0
offset 8000
0 0
# -- 2014-12-14 07:47:05 -- MIN 955 -- MAX 1529 -- AVG 1173.11 -- TIME 19543 --
1 964
43 967
83 1360
123 1118
163 1310
203 1285
243 1114
283 1273
323 1262
363 1141
403 1050
443 1059
485 976
525 1087
565 1138
605 1139
645 1032
685 1273
725 1212
765 1213
805 1084
845 1184
885 1248
925 1317
965 1295
1005 1073
1045 1061
1088 1070
1128 1190
1168 1270
1208 1254
1248 1064
1288 982
1328 1331
1368 1229
1408 1137
1448 1151
1488 1218
1528 1321
1568 1121
1608 1064
1648 999
1688 1095
1728 1221
1768 1153
1808 1164
1848 1174
1889 1074
1929 1158
1969 1181
2009 1145
2049 1178
2089 1074
2129 1157
2169 1129
2209 1068
2249 976
2289 1251
2329 1151
2369 1126
2409 978
2449 1151
2489 1213
2529 1147
2569 1117
2609 1058
2649 1036
2689 1049
2729 961
2769 1185
2809 1290
2849 1388
2889 1237
2929 971
2969 1254
3049 1292
3089 1081
3129 1130
3169 1158
3209 1236
3289 1254
3330 1122
3370 1003
3410 1120
3450 1245
3490 1221
3530 1163
3570 1019
3610 1067
3650 1044
3690 1098
3730 1026
3770 1193
3810 1093
3850 1142
3890 1221
3930 1217
3970 1044
4010 1137
4050 1329
4090 1169
4130 1092
4170 1324
4210 1297
4250 1093
4290 1123
4330 1269
4370 1144
4410 1286
4450 1128
4490 1213
4530 1291
4570 1259
4610 1023
4651 1194
4690 1257
4730 1116
4770 1130
4810 1213
4850 1261
4890 1158
4930 1209
4970 1206
5010 1082
5050 1210
5090 1216
5130 1127
5170 984
5211 1172
5251 1115
5291 1358
5331 1146
5371 1274
5411 1161
5451 1130
5491 1202
5531 1259
5571 1164
5611 1006
5651 1141
5691 1159
5731 1157
5772 1176
5812 1007
5852 1075
5892 1063
5932 1095
5977 1046
6020 994
6060 1124
6104 1038
6144 1070
6224 1214
6264 973
6304 1180
6344 1144
6384 1212
6424 1127
6464 1300
6504 1178
6547 960
6587 1215
6627 1145
6667 1287
6707 1322
6747 1154
6787 1213
6827 1241
6867 1196
6907 1109
6947 1236
6987 1217
7027 1029
7067 1046
7107 1052
7147 961
7187 1093
7227 1256
7267 1165
7307 1094
7347 1008
7387 1203
7427 1270
7467 1216
7507 1115
7547 1241
7587 1145
7628 1108
7667 1153
7707 1005
7747 1094
7787 1026
7827 1279
7867 1199
7907 1242
7947 1191
7987 1169
8032 1069
8072 1217
8112 1333
8152 1189
8192 1065
8232 1237
8272 1130
8312 1148
8352 1223
8392 1221
8432 1205
8472 1154
8512 1223
8552 979
8592 1080
8632 1111
8672 983
8712 1026
8752 1194
8792 1304
8832 1152
8872 1264
8912 1236
8952 1209
8993 1196
9032 972
9072 1066
9112 1174
9152 1266
9192 1248
9232 1269
9272 1078
9312 1214
9352 1331
9392 1085
9432 1120
9472 1024
9513 1241
9552 1251
9592 1082
9632 1231
9672 985
9712 1125
9752 1222
9792 1240
9832 1422
9872 1508
9912 1179
9952 1038
9992 1292
10033 1298
10072 1180
10112 1073
10152 1325
10192 1218
10232 1147
10272 955
10312 1304
10352 1200
10392 1269
10432 1066
10472 1234
10512 1134
10553 1209
10592 1259
10632 1336
10672 1309
10712 1235
10752 1201
10792 1164
10832 973
10872 1156
10912 1102
10952 1075
10992 1150
11032 1231
11073 1171
11112 1124
11152 1309
11192 1305
11232 1262
11272 1146
11312 1051
11352 1266
11392 1192
11432 1272
11472 1317
11512 1279
11552 1044
11593 1186
11632 1260
11672 1269
11712 1221
11752 1345
11792 1160
11832 1315
11872 1022
11912 1197
11952 1064
11992 1214
12032 1221
12072 1156
12113 1244
12152 1100
12192 1268
12232 1220
12273 1065
12313 1144
12352 1217
12392 1111
12432 1231
12472 1051
12512 1312
12552 1019
12592 1196
12633 1273
12672 1097
12712 1320
12752 1124
12792 1064
12832 1363
12872 1303
12912 1227
12952 1130
12992 1187
13032 1090
13072 1216
13112 1173
13153 1352
13192 1056
13232 1179
13273 1310
13313 1333
13352 1053
13392 1215
13432 1060
13472 1216
13512 1300
13552 1113
13592 1216
13632 1329
13673 1234
13712 1259
13752 1518
13792 1132
13832 1219
13872 1052
13912 1293
13952 1250
13992 1139
14032 1060
14072 1171
14113 1038
14152 1098
14193 1215
14232 1128
14273 1174
14313 1342
14352 1135
14392 1529
14432 1057
14472 1229
14512 1391
14552 1204
14592 1263
14632 1378
14672 1302
14713 1271
14752 1125
14792 1199
14832 1200
14872 1249
14912 1284
14952 1193
14992 1247
15032 1121
15073 1277
15112 1220
15156 989
15196 1055
15236 1259
15277 1213
15317 1329
15356 1181
15396 1289
15436 1073
15476 1256
15516 1325
15556 1248
15597 1143
15636 1284
15676 1166
15716 1140
15756 1240
15796 1312
15836 1172
15876 1250
15917 1255
15956 1075
15996 1008
16036 1159
16079 1002
16119 1290
16159 1096
16199 1273
16239 1242
16280 1371
16319 1117
16359 1060
16400 1087
16443 1072
16481 974
16520 1042
16560 1262
16600 1235
16640 998
16681 1190
16720 1220
16761 1222
16801 1249
16841 1330
16881 1245
16921 1169
16961 1090
17001 1130
17041 1078
17081 1172
17121 1234
17161 960
17201 1228
17241 1171
17281 1191
17321 1177
17361 1062
17401 1148
17443 1194
17481 1216
17521 1246
17561 1220
17601 1234
17641 1221
17681 1294
17721 1180
17761 1208
17801 1178
17841 1000
17881 1178
17921 1147
17961 957
18001 1258
18041 1246
18081 1098
18121 1082
18161 1293
18206 1103
18254 1113
18294 1006
18334 1027
18374 1201
18414 1259
18454 1104
18496 1122
18534 1243
18574 1188
18614 1246
18654 1272
18694 1171
18734 1173
18774 1352
18814 1126
18854 1026
18894 1078
18934 1079
18974 1140
19014 1208
19054 1094
19094 1314
19134 1231
19174 1075
19214 1286
19254 1281
19294 1157
19334 1161
19374 1312
19414 1314
19454 1251
19496 1302
19543 1038
19593 500
20030 0
offset 5000
0 0
